[syspram-0-0]
DstVel=0.00000000
StartVel=10000.00000000
Acc=0.01000000
[syspram-0-1]
DstVel=0.00000000
StartVel=10000.00000000
Acc=0.01000000
[userparam]
Dalay1=0
Dalay2=15
Dalay3=25
